-0.774337 -1.374553 0.98175 -0.628149 -1.402902 0.681232
-0.702722 -1.321906 0.913934 -0.606252 -1.42956 0.749198
-0.632488 -1.273036 0.848169 -0.583698 -1.457218 0.820523
-0.519629 -1.202255 0.748159 -0.547755 -1.504472 0.94682
-0.466613 -1.173306 0.705668 -0.532223 -1.527736 1.011653
-0.409405 -1.146 0.664786 -0.517439 -1.553518 1.08565
-0.329382 -1.116149 0.619347 -0.501924 -1.590635 1.19572
-0.268935 -1.101324 0.596706 -0.495639 -1.619383 1.283079
-0.195368 -1.093672 0.585588 -0.495888 -1.655071 1.392541
-0.122674 -1.098217 0.594059 -0.505636 -1.69096 1.501667
-0.064235 -1.110668 0.614898 -0.520371 -1.720167 1.588165
-0.001923 -1.132155 0.649821 -0.542334 -1.751572 1.677452
0.050967 -1.156526 0.688508 -0.56541 -1.778377 1.749768
0.103363 -1.185719 0.733786 -0.591649 -1.80501 1.817531
0.155246 -1.219152 0.784339 -0.620377 -1.831406 1.880363
0.219329 -1.266155 0.853189 -0.658872 -1.863965 1.951749
0.265737 -1.303893 0.906647 -0.688387 -1.887458 1.999083
0.356874 -1.386698 1.018437 -0.749257 -1.933219 2.081648
